23
0 4238 6191 12596 11582 1360 12924 9165 9178 3742 2288 3168 10586 10169 11335 7299 2894 13260 2065 6976 5593 10956 7963
4238 0 2611 9016 8002 3890 9344 5585 5598 1604 2376 2930 7006 6589 7755 3719 2358 9680 3271 3396 2013 7376 4383
6191 2611 0 7707 6693 5843 8035 4276 4289 3557 4329 4883 5697 5280 6446 2410 4311 8371 5224 2087 2260 6067 3074
12596 9016 7707 0 1640 12248 2224 4441 5360 9962 10734 11288 3960 3063 1737 5885 10716 2560 11629 6594 8665 2080 5535
11582 8002 6693 1640 0 11234 1968 3427 4346 8948 9720 10274 2946 2049 723 4871 9702 2304 10615 5580 7651 1066 4521
1360 3890 5843 12248 11234 0 12576 8817 8830 3394 1940 2820 10238 9821 10987 6951 2546 12912 1717 6628 5245 10608 7615
12924 9344 8035 2224 1968 12576 0 4769 5688 10290 11062 11616 4288 3391 2065 6213 11044 978 11957 6922 8993 2408 5863
9165 5585 4276 4441 3427 8817 4769 0 1929 6531 7303 7857 2431 2014 3180 2454 7285 5105 8198 3163 5234 2801 2104
9178 5598 4289 5360 4346 8830 5688 1929 0 6544 7316 7870 3350 2933 4099 2467 7298 6024 8211 3176 5247 3720 2117
3742 1604 3557 9962 8948 3394 10290 6531 6544 0 1880 2434 7952 7535 8701 4665 1862 10626 2775 4342 2959 8322 5329
2288 2376 4329 10734 9720 1940 11062 7303 7316 1880 0 1306 8724 8307 9473 5437 1032 11398 1321 5114 3731 9094 6101
3168 2930 4883 11288 10274 2820 11616 7857 7870 2434 1306 0 9278 8861 10027 5991 1586 11952 2201 5668 4285 9648 6655
10586 7006 5697 3960 2946 10238 4288 2431 3350 7952 8724 9278 0 1533 2699 3875 8706 4624 9619 4584 6655 2320 3525
10169 6589 5280 3063 2049 9821 3391 2014 2933 7535 8307 8861 1533 0 1802 3458 8289 3727 9202 4167 6238 1423 3108
11335 7755 6446 1737 723 10987 2065 3180 4099 8701 9473 10027 2699 1802 0 4624 9455 2401 10368 5333 7404 819 4274
7299 3719 2410 5885 4871 6951 6213 2454 2467 4665 5437 5991 3875 3458 4624 0 5419 6549 6332 1297 3368 4245 1252
2894 2358 4311 10716 9702 2546 11044 7285 7298 1862 1032 1586 8706 8289 9455 5419 0 11380 1927 5096 3713 9076 6083
13260 9680 8371 2560 2304 12912 978 5105 6024 10626 11398 11952 4624 3727 2401 6549 11380 0 12293 7258 9329 2744 6199
2065 3271 5224 11629 10615 1717 11957 8198 8211 2775 1321 2201 9619 9202 10368 6332 1927 12293 0 6009 4626 9989 6996
6976 3396 2087 6594 5580 6628 6922 3163 3176 4342 5114 5668 4584 4167 5333 1297 5096 7258 6009 0 3045 4954 1961
5593 2013 2260 8665 7651 5245 8993 5234 5247 2959 3731 4285 6655 6238 7404 3368 3713 9329 4626 3045 0 7025 4032
10956 7376 6067 2080 1066 10608 2408 2801 3720 8322 9094 9648 2320 1423 819 4245 9076 2744 9989 4954 7025 0 3895
7963 4383 3074 5535 4521 7615 5863 2104 2117 5329 6101 6655 3525 3108 4274 1252 6083 6199 6996 1961 4032 3895 0
